(2.0,[-1.0,-1.0,-1.0,-1.0,-1.0,-1.0,-1.0,-1.0,-1.0,-1.0,-1.0,-1.0,-1.0,-1.0,-1.0])
(2.0,[-1.0,-1.0,-1.0,-1.0,-1.0,-1.0,-1.0,-1.0,-1.0,-1.0,29.387165069580078,29.623355865478516,29.183055877685547,29.17503547668457,29.190006256103516])
(2.0,[-1.0,-1.0,-1.0,-1.0,-1.0,29.387165069580078,29.623355865478516,29.183055877685547,29.17503547668457,29.190006256103516,29.161075592041016,29.50335121154785,29.107677459716797,29.14314842224121,29.573122024536133])
(2.0,[29.387165069580078,29.623355865478516,29.183055877685547,29.17503547668457,29.190006256103516,29.161075592041016,29.50335121154785,29.107677459716797,29.14314842224121,29.573122024536133,29.417192459106445,29.424869537353516,29.517499923706055,29.22211456298828,29.492643356323242])
(2.0,[29.161075592041016,29.50335121154785,29.107677459716797,29.14314842224121,29.573122024536133,29.417192459106445,29.424869537353516,29.517499923706055,29.22211456298828,29.492643356323242,29.302278518676758,29.2746639251709,29.512237548828125,29.298763275146484,29.28084945678711])
(2.0,[29.417192459106445,29.424869537353516,29.517499923706055,29.22211456298828,29.492643356323242,29.302278518676758,29.2746639251709,29.512237548828125,29.298763275146484,29.28084945678711,29.197298049926758,29.13958168029785,29.22590446472168,29.234657287597656,29.28697395324707])
(2.0,[29.302278518676758,29.2746639251709,29.512237548828125,29.298763275146484,29.28084945678711,29.197298049926758,29.13958168029785,29.22590446472168,29.234657287597656,29.28697395324707,29.272140502929688,29.387615203857422,29.235008239746094,29.027568817138672,29.465566635131836])
(2.0,[29.197298049926758,29.13958168029785,29.22590446472168,29.234657287597656,29.28697395324707,29.272140502929688,29.387615203857422,29.235008239746094,29.027568817138672,29.465566635131836,29.4945068359375,29.387475967407227,29.482833862304688,29.21879005432129,29.59610366821289])
(2.0,[29.272140502929688,29.387615203857422,29.235008239746094,29.027568817138672,29.465566635131836,29.4945068359375,29.387475967407227,29.482833862304688,29.21879005432129,29.59610366821289,29.585023880004883,29.579927444458008,29.717815399169922,29.5623779296875,29.199134826660156])
(2.0,[29.4945068359375,29.387475967407227,29.482833862304688,29.21879005432129,29.59610366821289,29.585023880004883,29.579927444458008,29.717815399169922,29.5623779296875,29.199134826660156,29.128952026367188,29.4553165435791,29.717065811157227,29.434532165527344,29.860427856445312])
(2.0,[29.585023880004883,29.579927444458008,29.717815399169922,29.5623779296875,29.199134826660156,29.128952026367188,29.4553165435791,29.717065811157227,29.434532165527344,29.860427856445312,29.6125545501709,29.198532104492188,29.1392879486084,29.994144439697266,28.695627212524414])
(2.0,[29.128952026367188,29.4553165435791,29.717065811157227,29.434532165527344,29.860427856445312,29.6125545501709,29.198532104492188,29.1392879486084,29.994144439697266,28.695627212524414,29.605470657348633,29.34869384765625,29.10647201538086,29.612457275390625,29.371599197387695])
0.25
(2.0,[-1.0,-1.0,-1.0,-1.0,-1.0,-1.0,-1.0,-1.0,-1.0,-1.0,-1.0,-1.0,-1.0,-1.0,-1.0])
(2.0,[-1.0,-1.0,-1.0,-1.0,-1.0,-1.0,-1.0,-1.0,-1.0,-1.0,29.685102462768555,28.785951614379883,29.302730560302734,29.052825927734375,29.203475952148438])
(2.0,[-1.0,-1.0,-1.0,-1.0,-1.0,29.685102462768555,28.785951614379883,29.302730560302734,29.052825927734375,29.203475952148438,29.671680450439453,29.591384887695312,29.2823543548584,29.350303649902344,29.135520935058594])
(2.0,[29.685102462768555,28.785951614379883,29.302730560302734,29.052825927734375,29.203475952148438,29.671680450439453,29.591384887695312,29.2823543548584,29.350303649902344,29.135520935058594,29.4520320892334,29.563785552978516,29.123355865478516,29.688095092773438,29.183544158935547])
(2.0,[29.671680450439453,29.591384887695312,29.2823543548584,29.350303649902344,29.135520935058594,29.4520320892334,29.563785552978516,29.123355865478516,29.688095092773438,29.183544158935547,29.447282791137695,29.272024154663086,29.35715103149414,29.535493850708008,29.39316749572754])
(2.0,[29.4520320892334,29.563785552978516,29.123355865478516,29.688095092773438,29.183544158935547,29.447282791137695,29.272024154663086,29.35715103149414,29.535493850708008,29.39316749572754,29.276676177978516,29.66644287109375,29.35810661315918,29.496431350708008,29.298538208007812])
(2.0,[29.447282791137695,29.272024154663086,29.35715103149414,29.535493850708008,29.39316749572754,29.276676177978516,29.66644287109375,29.35810661315918,29.496431350708008,29.298538208007812,29.142663955688477,29.34877586364746,29.014083862304688,29.546144485473633,29.2982234954834])
(2.0,[29.276676177978516,29.66644287109375,29.35810661315918,29.496431350708008,29.298538208007812,29.142663955688477,29.34877586364746,29.014083862304688,29.546144485473633,29.2982234954834,29.48759651184082,29.3314266204834,29.46089744567871,29.702943801879883,29.69247817993164])
(2.0,[29.142663955688477,29.34877586364746,29.014083862304688,29.546144485473633,29.2982234954834,29.48759651184082,29.3314266204834,29.46089744567871,29.702943801879883,29.69247817993164,29.410905838012695,29.34136390686035,29.02142333984375,29.486766815185547,29.152185440063477])
(2.0,[29.48759651184082,29.3314266204834,29.46089744567871,29.702943801879883,29.69247817993164,29.410905838012695,29.34136390686035,29.02142333984375,29.486766815185547,29.152185440063477,29.41487693786621,29.403709411621094,28.89917755126953,29.140785217285156,29.060958862304688])
(2.0,[29.410905838012695,29.34136390686035,29.02142333984375,29.486766815185547,29.152185440063477,29.41487693786621,29.403709411621094,28.89917755126953,29.140785217285156,29.060958862304688,28.91338539123535,29.15170669555664,29.411733627319336,29.298294067382812,29.0631103515625])
(2.0,[29.41487693786621,29.403709411621094,28.89917755126953,29.140785217285156,29.060958862304688,28.91338539123535,29.15170669555664,29.411733627319336,29.298294067382812,29.0631103515625,29.091861724853516,29.132450103759766,29.5011043548584,29.5327091217041,29.26211166381836])
0.75
